
























20230909004617
20230909004625
20230909004636
20230909004737
20230909004746
20230909004804
20230909010344
20230909011038
20230909011200
20230909011811
20230909011824
20230909012044
20230909012056
20230909012102
20230909014317
20230909014353
20230909014524
20230909014728
20230909020635
20230909020847
20230909103701
20230909104002
20230909105142
20230909105356
20230909105704
20230909110020
20230909110112
20230909110939
20230909111226
20230909111338
20230909111622
20230909112320
20230909112643
20230909112749
20230909113035
20230909113408
20230909113649
20230909113821
20230909114048
20230909114227
20230909114238
20230909115032
20230909115156
20230909115403
20230909115747
20230909115757
20230909120056
